circuit structure
elements: 10
nodes: 8
voltages: 8
currents: 10

type         V1           V2           V3           V4           V5           V6           V7           V8           I1           I2           I3           I4           I5           I6           I7           I8           I9           I10
ground       0.000000     0.000000     0.000000     0.000000     0.000000     1.000000     0.000000     0.000000     0.000000     0.000000     0.000000     0.000000     0.000000     0.000000     0.000000     0.000000     0.000000     0.000000     0.000000
Ohm          0.000000     -1.000000    1.000000     0.000000     0.000000     0.000000     0.000000     0.000000     -1.000000    0.000000     0.000000     0.000000     0.000000     0.000000     0.000000     0.000000     0.000000     0.000000     0.000000
Ohm          0.000000     0.250000     0.000000     0.000000     -0.250000    0.000000     0.000000     0.000000     0.000000     -1.000000    0.000000     0.000000     0.000000     0.000000     0.000000     0.000000     0.000000     0.000000     0.000000
Ohm          0.000000     0.000000     0.000000     0.000000     0.200000     0.000000     -0.200000    0.000000     0.000000     0.000000     -1.000000    0.000000     0.000000     0.000000     0.000000     0.000000     0.000000     0.000000     0.000000
Ohm          0.000000     0.000000     0.000000     0.000000     0.000000     0.000000     0.500000     -0.500000    0.000000     0.000000     0.000000     -1.000000    0.000000     0.000000     0.000000     0.000000     0.000000     0.000000     0.000000
Ohm          -0.333333    0.000000     0.000000     0.000000     0.000000     0.000000     0.333333     0.000000     0.000000     0.000000     0.000000     0.000000     -1.000000    0.000000     0.000000     0.000000     0.000000     0.000000     0.000000
Ohm          0.000000     0.000000     0.000000     0.166667     0.000000     0.000000     0.000000     -0.166667    0.000000     0.000000     0.000000     0.000000     0.000000     -1.000000    0.000000     0.000000     0.000000     0.000000     0.000000
Ohm          0.000000     0.000000     0.000000     0.000000     0.000000     -1.000000    0.000000     1.000000     0.000000     0.000000     0.000000     0.000000     0.000000     0.000000     -1.000000    0.000000     0.000000     0.000000     0.000000
Ohm          0.000000     0.142857     0.000000     0.000000     0.000000     0.000000     0.000000     -0.142857    0.000000     0.000000     0.000000     0.000000     0.000000     0.000000     0.000000     -1.000000    0.000000     0.000000     0.000000
V source     0.000000     0.000000     1.000000     0.000000     0.000000     -1.000000    0.000000     0.000000     0.000000     0.000000     0.000000     0.000000     0.000000     0.000000     0.000000     0.000000     0.000000     0.000000     10.000000
C source     0.000000     0.000000     0.000000     0.000000     0.000000     0.000000     0.000000     0.000000     0.000000     0.000000     0.000000     0.000000     0.000000     0.000000     0.000000     0.000000     0.000000     1.000000     5.000000
KCL          0.000000     0.000000     0.000000     0.000000     0.000000     0.000000     0.000000     0.000000     0.000000     0.000000     0.000000     0.000000     1.000000     0.000000     0.000000     0.000000     0.000000     -1.000000    0.000000
KCL          0.000000     0.000000     0.000000     0.000000     0.000000     0.000000     0.000000     0.000000     1.000000     -1.000000    0.000000     0.000000     0.000000     0.000000     0.000000     -1.000000    0.000000     0.000000     0.000000
KCL          0.000000     0.000000     0.000000     0.000000     0.000000     0.000000     0.000000     0.000000     -1.000000    0.000000     0.000000     0.000000     0.000000     0.000000     0.000000     0.000000     1.000000     0.000000     0.000000
KCL          0.000000     0.000000     0.000000     0.000000     0.000000     0.000000     0.000000     0.000000     0.000000     0.000000     0.000000     0.000000     0.000000     -1.000000    0.000000     0.000000     0.000000     1.000000     0.000000
KCL          0.000000     0.000000     0.000000     0.000000     0.000000     0.000000     0.000000     0.000000     0.000000     1.000000     -1.000000    0.000000     0.000000     0.000000     0.000000     0.000000     0.000000     0.000000     0.000000
KCL          0.000000     0.000000     0.000000     0.000000     0.000000     0.000000     0.000000     0.000000     0.000000     0.000000     0.000000     0.000000     0.000000     0.000000     1.000000     0.000000     -1.000000    0.000000     0.000000
KCL          0.000000     0.000000     0.000000     0.000000     0.000000     0.000000     0.000000     0.000000     0.000000     0.000000     1.000000     -1.000000    -1.000000    0.000000     0.000000     0.000000     0.000000     0.000000     0.000000
KCL          0.000000     0.000000     0.000000     0.000000     0.000000     0.000000     0.000000     0.000000     0.000000     0.000000     0.000000     1.000000     0.000000     1.000000     -1.000000    1.000000     0.000000     0.000000     0.000000

system solution:
-19.9558
7.78761
10
32.2124
2.12389
0
-4.95576
2.21239
2.21239
1.41593
1.41593
-3.58407
5
5
2.21239
0.79646
2.21239
5

current of voltage source: 2.21239
voltage over current source: 52.1682