
t: 0
type         V1           V2           V3           V4           I1           I2           I3           I4
ground       0.000000     0.000000     1.000000     0.000000     0.000000     0.000000     0.000000     0.000000     0.000000
Ohm          0.250000     -0.250000    0.000000     0.000000     -1.000000    0.000000     0.000000     0.000000     0.000000
V source     0.000000     0.000000     1.000000     -1.000000    0.000000     0.000000     0.000000     0.000000     0.000000
C source     0.000000     0.000000     0.000000     0.000000     0.000000     0.000000     1.000000     0.000000     0.000000
V source     1.000000     0.000000     0.000000     -1.000000    0.000000     0.000000     0.000000     0.000000     10.000000
KCL          0.000000     0.000000     0.000000     0.000000     -1.000000    0.000000     0.000000     1.000000     0.000000
KCL          0.000000     0.000000     0.000000     0.000000     1.000000     0.000000     -1.000000    0.000000     0.000000
KCL          0.000000     0.000000     0.000000     0.000000     0.000000     -1.000000    1.000000     0.000000     0.000000
KCL          0.000000     0.000000     0.000000     0.000000     0.000000     1.000000     0.000000     -1.000000    0.000000

...

t: 0.54
type          V1            V2            V3            V4            I1            I2            I3            I4
ground        0.000000      0.000000      1.000000      0.000000      0.000000      0.000000      0.000000      0.000000      0.000000
Ohm           0.250000      -0.250000     0.000000      0.000000      -1.000000     0.000000      0.000000      0.000000      0.000000
V source      0.000000      0.000000      1.000000      -1.000000     0.000000      0.000000      0.000000      0.000000      -1.629544
C source      0.000000      0.000000      0.000000      0.000000      0.000000      0.000000      1.000000      0.000000      -18.661737
V source      1.000000      0.000000      0.000000      -1.000000     0.000000      0.000000      0.000000      0.000000      10.000000
KCL           0.000000      0.000000      0.000000      0.000000      -1.000000     0.000000      0.000000      1.000000      0.000000
KCL           0.000000      0.000000      0.000000      0.000000      1.000000      0.000000      -1.000000     0.000000      0.000000
KCL           0.000000      0.000000      0.000000      0.000000      0.000000      -1.000000     1.000000      0.000000      0.000000
KCL           0.000000      0.000000      0.000000      0.000000      0.000000      1.000000      0.000000      -1.000000     0.000000
